$ANSIBLE_VAULT;1.1;AES256
37666238383034386633303737343932666432313262343336383438636462356135363330343235
6437663830666536376634653333633930613137323862650a636461323934383162323432353331
63373161613232313435663533656562636262636164623063363334313437346362363539316661
3636336132393336320a633432373530383135313938616538363366376434373862316436376466
63383466343964333665633634613332336462363033666562313132363039343965313037656437
35653462356539303564326234316532393734386635396235623539306530663036636239313562
30393963666566626131336336386230333035633462343832356134636537313733353565316130
64613565376132343263393031383034373830643936343931633830356264646538663965623164
64656461336135613265623965333433613936616665376632306661326565396662626233623138
35343331366232356138386266646333623030386466303239336661653832346332386332373536
38326664336530303835616231336438353934633864626233396437383931336665303130343039
36303932626434356239393233623230323263386336333234383432323139323334323637363230
66626135323763343035643964643865323563323937353834346233366631323063393163613963
32626534653263663737303762623532363035643863626634333866633766373466653532303362
34623566623463636435363063623933313863636563376637343332626438326664363665346263
31393533393261383535366231353837623539373031626664316539323632323931633238646563
34383166663939616235333538613833363234383137366366626235633262366630343230376261
38376131653737356330666335636139323466636337366566646466636365363730326137303232
35313732313236343035323937343033636464363432303038333835643164643233663664663639
33366161313231373264303332643839306166326663663439623934666537666161353466356639
37653864373964326237386636363664336334656365363234666330623134636639336266393761
65616134396537336631643530633638333665613061666165623833626631626338346334356563
65626536656630643939623732386631623730353031323863306339343739373230326165613738
34356432313963306633
